Starting with following channels: [beauty@1(1.6666666666666667 $/s, 4.28), gaming@0(0.0 $/s, 60.0)]
best so far:  26.401
[(0, 3.001),
 (0, 4.801),
 (0, 6.0009999999999994),
 (0, 6.601),
 (0, 7.201),
 (0, 8.401),
 (0, 9.001),
 (0, 9.600999999999999),
 (0, 10.201),
 (0, 10.801),
 (0, 10.801),
 (0, 11.401),
 (0, 12.001),
 (0, 12.600999999999999),
 (0, 13.200999999999999),
 (0, 13.801),
 (0, 13.801),
 (0, 14.401),
 (0, 15.001),
 (0, 15.600999999999999),
 (0, 16.201),
 (0, 16.801),
 (0, 17.401),
 (0, 18.000999999999998),
 (0, 18.000999999999998),
 (0, 18.601),
 (0, 18.601),
 (0, 19.201),
 (0, 19.201),
 (0, 19.201),
 (0, 19.801),
 (0, 19.801),
 (0, 19.801),
 (0, 20.401),
 (0, 20.401),
 (0, 21.000999999999998),
 (0, 21.000999999999998),
 (0, 21.601),
 (0, 21.601),
 (0, 22.201),
 (0, 22.201),
 (0, 22.801),
 (0, 23.401),
 (0, 23.401),
 (0, 24.000999999999998),
 (0, 24.601),
 (0, 24.601),
 (0, 25.201),
 (1, 25.801),
 (1, 25.801),
 (0, 26.401)]
best so far:  25.801
[(0, 3.001),
 (0, 4.801),
 (0, 6.0009999999999994),
 (0, 6.601),
 (0, 7.201),
 (0, 8.401),
 (0, 9.001),
 (0, 9.600999999999999),
 (0, 10.201),
 (0, 10.801),
 (0, 10.801),
 (0, 11.401),
 (0, 12.001),
 (0, 12.600999999999999),
 (0, 13.200999999999999),
 (0, 13.801),
 (0, 13.801),
 (0, 14.401),
 (0, 15.001),
 (0, 15.600999999999999),
 (0, 16.201),
 (0, 16.801),
 (0, 17.401),
 (0, 18.000999999999998),
 (0, 18.000999999999998),
 (0, 18.601),
 (0, 18.601),
 (0, 19.201),
 (0, 19.201),
 (0, 19.201),
 (0, 19.801),
 (0, 19.801),
 (0, 19.801),
 (0, 20.401),
 (0, 20.401),
 (0, 21.000999999999998),
 (0, 21.000999999999998),
 (0, 21.601),
 (0, 21.601),
 (0, 22.201),
 (0, 22.201),
 (0, 22.801),
 (0, 23.401),
 (0, 23.401),
 (0, 24.000999999999998),
 (0, 24.601),
 (0, 24.601),
 (0, 25.201),
 (1, 25.801),
 (0, 25.801)]
best so far:  25.201
[(0, 3.001),
 (0, 4.801),
 (0, 6.0009999999999994),
 (0, 6.601),
 (0, 7.201),
 (0, 8.401),
 (0, 9.001),
 (0, 9.600999999999999),
 (0, 10.201),
 (0, 10.801),
 (0, 10.801),
 (0, 11.401),
 (0, 12.001),
 (0, 12.600999999999999),
 (0, 13.200999999999999),
 (0, 13.801),
 (0, 13.801),
 (0, 14.401),
 (0, 15.001),
 (0, 15.600999999999999),
 (0, 16.201),
 (0, 16.801),
 (0, 17.401),
 (0, 18.000999999999998),
 (0, 18.000999999999998),
 (0, 18.601),
 (0, 18.601),
 (0, 19.201),
 (0, 19.201),
 (0, 19.201),
 (0, 19.801),
 (0, 19.801),
 (0, 19.801),
 (0, 20.401),
 (0, 20.401),
 (0, 21.000999999999998),
 (0, 21.000999999999998),
 (0, 21.601),
 (0, 21.601),
 (0, 22.201),
 (0, 22.201),
 (0, 22.801),
 (0, 23.401),
 (0, 23.401),
 (0, 24.000999999999998),
 (1, 24.000999999999998),
 (1, 24.601),
 (1, 25.201),
 (1, 25.201)]
best so far:  24.601
[(0, 3.001),
 (0, 4.801),
 (0, 6.0009999999999994),
 (0, 6.601),
 (0, 7.201),
 (0, 8.401),
 (0, 9.001),
 (0, 9.600999999999999),
 (0, 10.201),
 (0, 10.801),
 (0, 10.801),
 (0, 11.401),
 (0, 12.001),
 (0, 12.600999999999999),
 (0, 13.200999999999999),
 (0, 13.801),
 (0, 13.801),
 (0, 14.401),
 (0, 15.001),
 (0, 15.600999999999999),
 (0, 16.201),
 (0, 16.801),
 (0, 17.401),
 (0, 18.000999999999998),
 (0, 18.000999999999998),
 (0, 18.601),
 (0, 18.601),
 (0, 19.201),
 (0, 19.201),
 (0, 19.201),
 (0, 19.801),
 (0, 19.801),
 (0, 19.801),
 (0, 20.401),
 (0, 20.401),
 (0, 21.000999999999998),
 (0, 21.000999999999998),
 (0, 21.601),
 (0, 21.601),
 (0, 22.201),
 (0, 22.201),
 (0, 22.801),
 (0, 23.401),
 (1, 23.401),
 (1, 24.000999999999998),
 (1, 24.000999999999998),
 (1, 24.601)]
best so far:  24.000999999999998
[(0, 3.001),
 (0, 4.801),
 (0, 6.0009999999999994),
 (0, 6.601),
 (0, 7.201),
 (0, 8.401),
 (0, 9.001),
 (0, 9.600999999999999),
 (0, 10.201),
 (0, 10.801),
 (0, 10.801),
 (0, 11.401),
 (0, 12.001),
 (0, 12.600999999999999),
 (0, 13.200999999999999),
 (0, 13.801),
 (0, 13.801),
 (0, 14.401),
 (0, 15.001),
 (0, 15.600999999999999),
 (0, 16.201),
 (0, 16.801),
 (0, 17.401),
 (0, 18.000999999999998),
 (0, 18.000999999999998),
 (0, 18.601),
 (0, 18.601),
 (0, 19.201),
 (0, 19.201),
 (0, 19.201),
 (0, 19.801),
 (0, 19.801),
 (0, 19.801),
 (0, 20.401),
 (0, 20.401),
 (0, 21.000999999999998),
 (0, 21.000999999999998),
 (0, 21.601),
 (0, 21.601),
 (1, 22.201),
 (1, 22.801),
 (1, 22.801),
 (1, 23.401),
 (1, 24.000999999999998)]
BEST:  24.000999999999998
[(0, 3.001),
 (0, 4.801),
 (0, 6.0009999999999994),
 (0, 6.601),
 (0, 7.201),
 (0, 8.401),
 (0, 9.001),
 (0, 9.600999999999999),
 (0, 10.201),
 (0, 10.801),
 (0, 10.801),
 (0, 11.401),
 (0, 12.001),
 (0, 12.600999999999999),
 (0, 13.200999999999999),
 (0, 13.801),
 (0, 13.801),
 (0, 14.401),
 (0, 15.001),
 (0, 15.600999999999999),
 (0, 16.201),
 (0, 16.801),
 (0, 17.401),
 (0, 18.000999999999998),
 (0, 18.000999999999998),
 (0, 18.601),
 (0, 18.601),
 (0, 19.201),
 (0, 19.201),
 (0, 19.201),
 (0, 19.801),
 (0, 19.801),
 (0, 19.801),
 (0, 20.401),
 (0, 20.401),
 (0, 21.000999999999998),
 (0, 21.000999999999998),
 (0, 21.601),
 (0, 21.601),
 (1, 22.201),
 (1, 22.801),
 (1, 22.801),
 (1, 23.401),
 (1, 24.000999999999998)]
